2.347417840375588
0.5965020674872648
3.051643192488264
0.8521136758084005
4.225352112676056
1.0651858339131905
5.164319248826292
1.2782329982164438
6.103286384976528
1.5338696003391163
6.807511737089204
1.7894812086602538
7.51173708920188
2.0025033791619666
8.450704225352112
2.194255824555512
8.920187793427232
2.4072530012556896
10.328638497652584
2.599055434252307
10.56338028169014
2.7694381793315266
11.737089201877936
2.9399208996168955
12.676056338028168
3.089083907191018
13.6150234741784
3.366015228223402
14.788732394366193
3.47261379177964
15.492957746478872
3.6430465244619334
16.197183098591545
3.792184538234519
16.901408450704224
3.9200278330973912
17.840375586854456
4.069190840671515
19.01408450704225
4.218378842047173
20.18779342723004
4.431451000151963
20.65727699530516
4.537974582303589
22.300469483568072
4.623328414553191
24.178403755868544
4.793886116243172
25.586854460093896
5.006983268149501
26.995305164319248
5.156196263326695
28.873239436619713
5.475816997384648
30.985915492957744
5.561220817237325
32.86384976525821
5.795662675656438
35.44600938967136
5.94500063984132
38.028169014084504
6.243401636394173
40.84507042253521
6.392764594380594
44.366197183098585
6.584791971591045
48.12206572769953
6.904612656061298
52.34741784037558
7.011536139037519
57.27699530516431
7.139829322328062
63.38028169014084
7.438605225903974
69.24882629107981
7.822535011317193
77.46478873239437
7.7169361998224435
85.44600938967133
7.739080707984419
94.8356807511737
8.165974838240118
104.92957746478871
8.37999676080332
117.13615023474176
8.59424362758036
130.5164319248826
8.893794339003925
143.89671361502346
9.193345050427492
157.7464788732394
9.556829906183266
171.59624413145536
9.813841167390486
185.21126760563376
10.219890467164142
198.8262910798122
10.625939766937798
