2.158932829593001
0.7988017808015702
2.3937350941407005
0.9038524945549936
2.7043644442214454
1.0
3.0841140853118096
1.094017805256361
3.4195376619180275
1.1968749582179437
3.8271936269296747
1.2660155045182222
4.28344779504354
1.3695735682493744
4.839300699542489
1.4816025176256626
5.416211964074958
1.5671910803783082
6.061898993497571
1.695384829350179
6.7845608057997895
1.7933230746828475
7.664977239033155
1.9619273742801178
8.57874804728263
2.170627824893108
9.511759691218701
2.401528831274401
10.84741078535885
2.7173547644259854
12.255053665543322
3.144567891409791
13.58789474025412
3.6800494844891527
15.351163751291407
4.404559072987924
17.181233805140256
5.45237058120615
19.410801940536594
7.059606394358805
21.72483675431928
9.038524945549936
24.544017514179853
12.103941869353271
27.729036703421823
16.57723885589316
30.744804735870154
22.199411593691934
35.062021887865754
30.403727349409177
38.15238914367957
41.17505105461531
43.509786928955954
55.139575034097916
48.69675251658626
72.19989822324708
55.01601508757692
92.43866367372125
60.99947355922781
115.72165447723732
69.56508247348293
141.6509567444268
77.13087547747396
169.53848293501773
87.13996703458601
196.19273742801158
97.52825073392168
224.50163704984578
109.15496086248747
251.18864315095772
123.31974235138298
277.9088896298601
139.32265408230117
300.64139677612474
155.9318324605407
321.60076501899414
176.1667381076524
340.1788565993444
189.9033424337166
355.81111625667603
200.90425294644885
363.8945990099386
212.54243519204348
368.0049484489149
222.7542951999554
376.3654563644577
233.4567964519418
380.6166696185886
242.38786288693632
384.9159021949673
254.03368279664937
389.26369649294463
263.7519335919319
393.6606010385103
273.8419634264356
398.10717055349653
286.99903388286384
398.10717055349653
303.62460059761503
402.6039660255621
