3.959731543624164
0.0000012299054373522458
4.026845637583891
0.0000012297068557919623
4.69798657718121
0.0000012292931442080378
5.033557046979867
0.0000012290118203309693
5.637583892617451
0.0000012287304964539007
6.0402684563758395
0.0000012285153664302601
6.644295302013424
0.0000012283167848699764
7.0469798657718155
0.0000012281182033096926
7.4496644295302
0.0000012280354609929077
8.053691275167788
0.000001227903073286052
8.523489932885907
0.0000012278368794326242
8.99328859060403
0.0000012277210401891253
9.53020134228188
0.0000012276052009456264
10.201342281879198
0.0000012276217494089834
10.738255033557047
0.0000012274893617021276
11.14093959731544
0.0000012275059101654846
11.879194630872485
0.0000012275059101654846
12.416107382550338
0.0000012276052009456264
13.020134228187919
0.0000012276217494089834
13.758389261744968
0.0000012276052009456264
14.42953020134228
0.0000012276217494089834
15.234899328859063
0.0000012276052009456264
15.838926174496644
0.0000012277044917257683
16.711409395973156
0.0000012277044917257683
17.516778523489933
0.0000012278037825059102
18.45637583892617
0.000001227886524822695
19.463087248322147
0.0000012280189125295507
20.402684563758392
0.0000012281016548463356
21.40939597315436
0.0000012282009456264775
22.550335570469798
0.0000012283995271867613
23.758389261744966
0.0000012284988179669032
25.033557046979865
0.0000012287139479905437
26.375838926174502
0.0000012289125295508275
28.053691275167786
0.0000012291111111111112
29.731543624161077
0.0000012293096926713948
31.61073825503356
0.0000012296075650118204
33.691275167785236
0.0000012299054373522458
36.04026845637584
0.0000012301040189125296
38.59060402684564
0.000001230401891252955
41.54362416107383
0.0000012308983451536645
44.899328859060404
0.0000012313947990543736
48.65771812080537
0.0000012320070921985817
50.15073264267477
0.0000012321980818331276
53.24314439913729
0.0000012326834341065927
57.56893198574022
0.0000012330722286214284
63.134076856557925
0.0000012338489631576608
69.9349901391457
0.0000012347229390472739
77.35438577302605
0.00000123569398539158
85.39465633982863
0.0000012369559013025896
94.66591015514186
0.0000012379274603429593
105.79141473351766
0.000001239093331191403
117.53779424481579
0.00000124055007160655
131.13842451917654
0.0000012422011238297711
144.12176873305967
0.0000012438520051543043
158.34088135871295
0.0000012456001278322185
171.32183299096627
0.0000012470572100447412
185.5397493258047
0.00000124870843316665
199.75527307901334
0.0000012501658571765484
212.73861729289652
0.0000012518167385010816
226.95772991854975
0.0000012535648611789957
239.94944816813702
0.0000012558940393955654
254.1733459570498
0.0000012580297602975002
267.1531012984883
0.000001259389942954018
281.3686250516969
0.0000012608473669639164
294.96566645361304
0.0000012622077205191217
308.5627078555291
0.0000012635680740743272
322.15974925744524
0.0000012649284276295325
336.3752730106539
0.000001266385851639431
349.9711181217551
0.0000012676493056386313
360.48292551209795
0.0000012691057042564026
370.99114402999624
0.0000012702714042061585
381.49816625707956
0.000001271340204599909
