1
0.103
2
0.47
3
0.714
4
0.874
5
1.07
6
1.29
7
1.53
8
1.77
9
2.03
10
2.3
11
2.62
12
2.95
13
3.29
14
3.64
15
3.99
16
4.34
17
4.69
18
5.04
19
5.37
20
5.7
21
5.95
22
6.19
23
6.41
24
6.62
25
6.82
26
7
27
7.17
28
7.33
29
7.47
30
7.6
31
7.72
32
7.83
33
7.93
34
8.01
35
8.09
36
8.15
37
8.2
38
8.25
39
8.28
40
8.3
41
8.31
42
8.3
43
8.29
44
8.27
45
8.24
46
8.2
47
8.16
48
8.11
49
8.06
50
8
51
7.94
52
7.89
53
7.82
54
7.76
55
7.69
56
7.62
57
7.54
58
7.46
59
7.38
60
7.3
61
7.22
62
7.13
63
7.04
64
6.95
65
6.86
66
6.77
67
6.68
68
6.59
69
6.49
70
6.4
71
6.3
72
6.21
73
6.11
74
6.02
75
5.93
76
5.83
77
5.75
78
5.66
79
5.58
80
5.5
81
5.43
82
5.36
83
5.3
84
5.24
85
5.19
86
5.14
87
5.1
88
5.06
89
5.03
90
5
91
4.99
92
4.98
93
4.98
94
4.98
95
4.99
96
5.01
97
5.02
98
5.05
99
5.07
100
5.1
101
5.1
102
5.11
103
5.11
104
5.12
105
5.12
106
5.12
107
5.12
108
5.12
109
5.12
110
5.11
111
5.11
112
5.11
113
5.11
114
5.1
115
5.1
116
5.09
117
5.08
118
5.08
119
5.07
120
5.06
121
5.05
122
5.05
123
5.04
124
5.03
125
5.02
126
5.01
127
5
128
4.99
129
4.98
130
4.96
131
4.95
132
4.94
133
4.93
134
4.92
135
4.9
136
4.89
137
4.88
138
4.86
139
4.85
140
4.84
141
4.82
142
4.81
143
4.8
144
4.78
145
4.77
146
4.75
147
4.74
148
4.73
149
4.71
150
4.7
151
4.69
152
4.69
153
4.68
154
4.68
155
4.68
156
4.67
157
4.67
158
4.66
159
4.66
160
4.65
161
4.65
162
4.64
163
4.64
164
4.64
165
4.63
166
4.63
167
4.63
168
4.62
169
4.62
170
4.62
171
4.61
172
4.61
173
4.61
174
4.6
175
4.6
176
4.6
177
4.59
178
4.59
179
4.59
180
4.59
181
4.58
182
4.58
183
4.58
184
4.58
185
4.57
186
4.57
187
4.57
188
4.57
189
4.57
190
4.56
191
4.56
192
4.56
193
4.56
194
4.56
195
4.56
196
4.56
197
4.55
198
4.55
199
4.55
200
4.55
201
4.55
202
4.55
203
4.54
204
4.54
205
4.54
206
4.54
207
4.54
208
4.54
209
4.54
210
4.53
211
4.53
212
4.53
213
4.53
214
4.53
215
4.53
216
4.53
217
4.53
218
4.53
219
4.53
220
4.53
221
4.53
222
4.53
223
4.52
224
4.52
225
4.52
226
4.52
227
4.52
228
4.52
229
4.52
230
4.53
231
4.53
232
4.53
233
4.53
234
4.53
235
4.53
236
4.53
237
4.53
238
4.53
239
4.53
240
4.53
241
4.53
242
4.54
243
4.54
244
4.54
245
4.54
246
4.54
247
4.54
248
4.55
249
4.55
250
4.55
251
4.55
252
4.56
253
4.56
254
4.56
255
4.57
256
4.57
257
4.57
258
4.58
259
4.58
260
4.58
261
4.59
262
4.59
263
4.6
264
4.6
265
4.6
266
4.61
267
4.61
268
4.61
269
4.62
270
4.62
271
4.62
272
4.63
273
4.63
274
4.63
275
4.64
276
4.64
277
4.64
278
4.64
279
4.65
280
4.65
281
4.65
282
4.65
283
4.66
284
4.66
285
4.66
286
4.66
287
4.67
288
4.67
289
4.67
290
4.67
291
4.68
292
4.68
293
4.68
294
4.68
295
4.69
296
4.69
297
4.69
298
4.69
299
4.7
300
4.7
