1
0.00899
2
0.0118
3
0.0234
4
0.045
5
0.0654
6
0.0933
7
0.138
8
0.208
9
0.309
10
0.45
11
0.693
12
0.993
13
1.35
14
1.77
15
2.25
16
2.79
17
3.39
18
4.07
19
4.81
20
5.62
21
6.61
22
7.67
23
8.79
24
9.96
25
11.2
26
12.5
27
13.8
28
15.2
29
16.6
30
18
31
19.4
32
20.9
33
22.4
34
23.8
35
25.3
36
26.9
37
28.4
38
29.9
39
31.5
40
33
41
34.5
42
36
43
37.5
44
38.9
45
40.4
46
41.9
47
43.4
48
44.9
49
46.3
50
47.8
51
49.2
52
50.7
53
52.1
54
53.6
55
55.1
56
56.5
57
58
58
59.5
59
61
60
62.5
61
64.1
62
65.7
63
67.4
64
69
65
70.6
66
72.3
67
73.9
68
75.5
69
77.1
70
78.7
71
80.2
72
81.7
73
83.1
74
84.6
75
86
76
87.4
77
88.8
78
90.1
79
91.5
80
92.8
81
94
82
95.3
83
96.5
84
97.7
85
98.9
86
100
87
101
88
102
89
104
90
105
91
106
92
108
93
109
94
110
95
112
96
113
97
114
98
116
99
117
100
118
101
120
102
121
103
122
104
123
105
125
106
126
107
127
108
128
109
130
110
131
111
132
112
133
113
134
114
135
115
137
116
138
117
139
118
140
119
141
120
142
121
143
122
144
123
145
124
146
125
147
126
148
127
149
128
150
129
151
130
152
131
153
132
154
133
155
134
156
135
157
136
158
137
159
138
160
139
161
140
162
141
163
142
164
143
165
144
166
145
167
146
167
147
168
148
169
149
170
150
171
151
172
152
173
153
174
154
174
155
175
156
176
157
177
158
178
159
179
160
179
161
180
162
181
163
182
164
183
165
184
166
184
167
185
168
186
169
187
170
187
171
188
172
189
173
190
174
190
175
191
176
192
177
193
178
193
179
194
180
195
181
196
182
196
183
197
184
198
185
198
186
199
187
200
188
200
189
201
190
202
191
202
192
203
193
204
194
204
195
205
196
206
197
206
198
207
199
207
200
208
201
209
202
209
203
210
204
210
205
211
206
212
207
212
208
213
209
214
210
214
211
215
212
215
213
216
214
216
215
217
216
217
217
218
218
219
219
219
220
220
221
220
222
221
223
221
224
222
225
222
226
223
227
223
228
224
229
224
230
225
231
225
232
226
233
226
234
227
235
227
236
227
237
228
238
228
239
229
240
229
241
230
242
230
243
230
244
231
245
231
246
231
247
232
248
232
249
233
250
233
251
233
252
234
253
234
254
234
255
234
256
235
257
235
258
235
259
236
260
236
261
236
262
236
263
237
264
237
265
237
266
237
267
238
268
238
269
238
270
238
271
239
272
239
273
239
274
239
275
240
276
240
277
240
278
240
279
240
280
241
281
241
282
241
283
241
284
241
285
242
286
242
287
242
288
242
289
242
290
243
291
243
292
243
293
243
294
243
295
243
296
244
297
244
298
244
299
244
300
244
